-1
-1
-1
1
-2
-4
-5
-5
-6
-6
6
6
-7
-7
-8
-8
-8
-8
-8
-8
9
-9
-9999
-9999
-9999
6
6
4
6
1
-18
-17
-16
-14
-15
6
3
3
1
2
7
4
2
7
-5
-12
-12
-13
12
-9999
-9999
-9999
-9999
-9999
-9999
1
-9999
6
12
-19
20
-20
-20
0
-41
6
0
22
22
21
21
1
5
6
-9999
-24
-9999
-25
-25
25
-25
-26
-26
-26
-26
-26
-16
-28
-28
-29
-29
-29
-29
-29
-30
-30
-30
30
-30
-31
-31
-31
-31
-32
-32
-32
-32
-32
-32
-32
-32
-33
33
-33
-33
-35
-35
-35
35
-35
-36
-99
-99
-99
-99
-99
-37
-37
38
38
3
344
0
0
33
